10,73
10,235
10,238
10,163
10,296
10,315
10,221
11,13
11,4
11,27
11,21
11,7
11,6
8,7
8,8
8,6
91,3
91,2
91,1
91,0
90,3
90,2
90,1
90,0
86,3
86,2
86,1
86,0
20,3
20,2
20,1
19,3
19,2
19,1
18,3
18,1
14,3
14,1
13,3
13,1
12,3
12,2
12,1
11,29
11,28
11,25
11,18
11,16
11,11
11,8
11,5
11,3
11,2
11,1
10,290
10,287
10,271
10,261
10,229
10,219
10,174
10,144
10,121
10,119
10,93
10,71
10,69
10,29
10,23
10,4
10,3
10,2
10,1
9,7
9,6
9,5
9,4
9,3
9,2
9,1
8,17
8,16
8,15
8,14
8,13
8,11
8,10
8,9
8,5
8,4
8,3
8,2
8,1
3,3
3,2
3,1
2,3
2,2
2,1
0,278
0,9
0,0
